340.66	103.22
341.05	103.22
341.43	103.22
341.81	60.29
342.20	-52.70
342.58	10.57
342.96	17.35
343.35	12.83
343.73	-2.99
344.11	-59.48
344.49	-2.99
344.88	-50.44
345.26	-5.25
345.64	-14.29
346.03	-39.14
346.41	-7.51
346.79	-54.96
347.17	-75.30
347.56	1.53
347.94	15.09
348.32	-59.48
348.70	44.47
349.09	55.77
349.47	17.35
349.85	12.83
350.24	76.11
350.62	51.25
351.00	98.71
351.38	85.15
351.76	78.37
352.15	78.37
352.53	91.93
352.91	141.64
353.29	100.97
353.68	110.00
354.06	89.67
354.44	94.19
354.82	110.00
355.20	141.64
355.59	189.10
355.97	107.74
356.35	198.14
356.73	186.84
357.11	139.38
357.50	155.20
357.88	110.00
358.26	71.59
358.64	123.56
359.02	139.38
359.40	186.84
359.79	141.64
360.17	130.34
360.55	114.52
360.93	189.10
361.31	139.38
361.69	159.72
362.07	141.64
362.46	114.52
362.84	180.06
363.22	116.78
363.60	143.90
363.98	116.78
364.36	125.82
364.74	164.24
365.12	91.93
365.51	182.32
365.89	132.60
366.27	146.16
366.65	116.78
367.03	110.00
367.41	121.30
367.79	125.82
368.17	85.15
368.55	161.98
368.93	128.08
369.31	164.24
369.69	85.15
370.08	87.41
370.46	107.74
370.84	143.90
371.22	64.81
371.60	125.82
371.98	116.78
372.36	110.00
372.74	112.26
373.12	168.76
373.50	134.86
373.88	177.80
374.26	155.20
374.64	155.20
375.02	168.76
375.40	116.78
375.78	204.92
376.16	132.60
376.54	152.94
376.92	119.04
377.30	204.92
377.68	175.54
378.06	198.14
378.44	157.46
378.82	112.26
379.20	216.22
379.58	85.15
379.96	100.97
380.34	107.74
380.72	161.98
381.10	150.68
381.48	209.44
381.86	166.50
382.24	186.84
382.62	177.80
383.00	166.50
383.37	141.64
383.75	139.38
384.13	175.54
384.51	157.46
384.89	155.20
385.27	137.12
385.65	146.16
386.03	150.68
386.41	186.84
386.79	146.16
387.17	225.26
387.55	168.76
387.92	238.81
388.30	125.82
388.68	189.10
389.06	184.58
389.44	218.48
389.82	141.64
390.20	146.16
390.58	87.41
390.95	128.08
391.33	202.66
391.71	89.67
392.09	250.11
392.47	98.71
392.85	157.46
393.23	159.72
393.60	116.78
393.98	125.82
394.36	164.24
394.74	189.10
395.12	164.24
395.49	114.52
395.87	155.20
396.25	150.68
396.63	161.98
397.01	137.12
397.39	137.12
397.76	137.12
398.14	209.44
398.52	110.00
398.90	216.22
399.27	146.16
399.65	186.84
400.03	159.72
400.41	139.38
400.79	216.22
401.16	155.20
401.54	100.97
401.92	134.86
402.30	119.04
402.67	193.62
403.05	209.44
403.43	128.08
403.81	146.16
404.18	96.45
404.56	146.16
404.94	141.64
405.31	96.45
405.69	189.10
406.07	116.78
406.45	204.92
406.82	132.60
407.20	200.40
407.58	171.02
407.95	157.46
408.33	204.92
408.71	166.50
409.09	171.02
409.46	132.60
409.84	234.29
410.22	177.80
410.59	123.56
410.97	177.80
411.35	105.48
411.72	139.38
412.10	155.20
412.48	216.22
412.85	213.96
413.23	139.38
413.60	241.07
413.98	150.68
414.36	229.78
414.73	166.50
415.11	146.16
415.49	173.28
415.86	161.98
416.24	134.86
416.61	211.70
416.99	175.54
417.37	191.36
417.74	229.78
418.12	168.76
418.49	155.20
418.87	134.86
419.25	155.20
419.62	189.10
420.00	150.68
420.37	193.62
420.75	139.38
421.12	132.60
421.50	173.28
421.88	234.29
422.25	182.32
422.63	213.96
423.00	180.06
423.38	198.14
423.75	198.14
424.13	186.84
424.50	171.02
424.88	146.16
425.25	141.64
425.63	134.86
426.01	218.48
426.38	175.54
426.76	182.32
427.13	229.78
427.51	204.92
427.88	146.16
428.26	139.38
428.63	186.84
429.00	180.06
429.38	182.32
429.75	157.46
430.13	236.55
430.50	166.50
430.88	189.10
431.25	152.94
431.63	143.90
432.00	180.06
432.38	223.00
432.75	164.24
433.13	143.90
433.50	198.14
433.87	132.60
434.25	261.41
434.62	236.55
435.00	159.72
435.37	164.24
435.75	202.66
436.12	254.63
436.49	229.78
436.87	152.94
437.24	200.40
437.62	213.96
437.99	175.54
438.36	193.62
438.74	186.84
439.11	243.33
439.49	204.92
439.86	171.02
440.23	254.63
440.61	290.79
440.98	204.92
441.35	191.36
441.73	202.66
442.10	110.00
442.47	171.02
442.85	146.16
443.22	134.86
443.60	200.40
443.97	189.10
444.34	137.12
444.71	166.50
445.09	200.40
445.46	209.44
445.83	168.76
446.21	157.46
446.58	152.94
446.95	223.00
447.33	202.66
447.70	243.33
448.07	243.33
448.45	173.28
448.82	223.00
449.19	243.33
449.56	168.76
449.94	209.44
450.31	191.36
450.68	177.80
451.05	193.62
451.43	182.32
451.80	186.84
452.17	186.84
452.54	213.96
452.92	164.24
453.29	166.50
453.66	150.68
454.03	186.84
454.41	168.76
454.78	180.06
455.15	204.92
455.52	218.48
455.89	159.72
456.27	204.92
456.64	204.92
457.01	177.80
457.38	279.49
457.75	157.46
458.13	189.10
458.50	204.92
458.87	130.34
459.24	166.50
459.61	213.96
459.99	204.92
460.36	182.32
460.73	223.00
461.10	200.40
461.47	180.06
461.84	202.66
462.21	193.62
462.59	125.82
462.96	200.40
463.33	193.62
463.70	148.42
464.07	193.62
464.44	247.85
464.81	229.78
465.18	177.80
465.56	207.18
465.93	175.54
466.30	241.07
466.67	234.29
467.04	223.00
467.41	184.58
467.78	243.33
468.15	223.00
468.52	225.26
468.89	302.09
469.26	302.09
469.64	146.16
470.01	182.32
470.38	186.84
470.75	254.63
471.12	198.14
471.49	202.66
471.86	195.88
472.23	204.92
472.60	202.66
472.97	211.70
473.34	252.37
473.71	198.14
474.08	223.00
474.45	195.88
474.82	247.85
475.19	252.37
475.56	216.22
475.93	268.19
476.30	274.97
476.67	254.63
477.04	274.97
477.41	261.41
477.78	290.79
478.15	311.13
478.52	358.59
478.89	326.95
479.26	308.87
479.63	286.27
480.00	324.69
480.37	340.51
480.74	349.55
481.11	358.59
481.48	392.48
481.84	367.62
482.21	482.88
482.58	482.88
482.95	345.03
483.32	444.46
483.69	455.76
484.06	433.16
484.43	476.10
484.80	487.40
485.17	509.99
485.54	613.95
485.90	568.75
486.27	613.95
486.64	638.80
487.01	735.98
487.38	650.10
487.75	738.24
488.12	758.57
488.49	742.76
488.85	724.68
489.22	864.79
489.59	941.62
489.96	934.84
490.33	1018.46
490.70	986.82
491.07	1199.24
491.43	1086.25
491.80	1145.01
492.17	1258.00
492.54	1380.03
492.91	1282.85
493.27	1398.11
493.64	1497.54
494.01	1696.40
494.38	1789.06
494.75	1843.29
495.11	1902.05
495.48	2261.36
495.85	2415.03
496.22	2539.32
496.59	2785.64
496.95	3097.50
497.32	3440.99
497.69	3678.27
498.06	4030.81
498.42	4577.68
498.79	4889.54
499.16	5698.56
499.53	6344.87
499.89	6977.62
500.26	7750.48
500.63	8575.32
501.00	9517.67
501.36	10611.42
501.73	11513.09
502.10	12430.58
502.46	13189.89
502.83	14231.67
503.20	15549.15
503.57	16744.60
503.93	17689.20
504.30	18825.90
504.67	19598.76
505.03	20694.77
505.40	22455.18
505.77	23013.36
506.13	23899.21
506.50	25261.89
506.87	25987.29
507.23	27044.89
507.60	27749.96
507.97	28958.96
508.33	30378.14
508.70	31510.31
509.07	32617.62
509.43	34692.15
509.80	34918.13
510.16	36305.66
510.53	36913.56
510.90	38025.39
511.26	38775.65
511.63	39525.92
511.99	40463.75
512.36	42020.77
512.73	42285.17
513.09	43064.81
513.46	43259.15
513.82	44269.30
514.19	45647.79
514.56	46443.25
514.92	47220.63
515.29	48045.47
515.65	48269.19
516.02	49374.25
516.38	50165.19
516.75	51500.74
517.11	52508.63
517.48	52176.43
517.85	52865.68
518.21	53688.26
518.58	54015.93
518.94	55177.48
519.31	55704.02
519.67	56492.70
520.04	57059.92
520.40	57541.26
520.77	57638.44
521.13	58192.09
521.50	58345.76
521.86	58637.28
522.23	58429.37
522.59	58180.79
522.96	58501.69
523.32	59170.60
523.69	59238.39
524.05	58820.33
524.42	58244.07
524.78	58612.42
525.15	58738.97
525.51	58653.10
525.87	58601.12
526.24	58463.27
526.60	58033.91
526.97	57288.16
527.33	56745.80
527.70	55667.87
528.06	55455.44
528.42	55055.45
528.79	54693.88
529.15	53839.67
529.52	53509.73
529.88	52712.01
530.24	52015.98
530.61	51862.32
530.97	50897.37
531.34	50255.58
531.70	49781.01
532.06	48201.40
532.43	47640.96
532.79	48201.40
533.16	47588.98
533.52	46897.47
533.88	45503.16
534.25	44861.37
534.61	44047.83
534.97	41887.44
535.34	42325.84
535.70	41485.19
536.06	40737.18
536.43	40050.20
536.79	39125.93
537.15	38319.17
537.52	36827.68
537.88	36176.85
538.24	35175.75
538.60	34809.66
538.97	33501.22
539.33	32789.37
539.69	31804.09
540.06	31747.59
540.42	30208.65
540.78	29295.68
541.15	28658.41
541.51	27984.98
541.87	27277.65
542.23	26737.55
542.60	26156.78
542.96	26091.24
543.32	25377.14
543.68	24335.36
544.05	24362.47
544.41	23887.91
544.77	23402.05
545.13	23135.39
545.49	22545.57
545.86	21924.12
546.22	21939.94
546.58	21153.52
546.94	21024.71
547.31	20746.75
547.67	19996.49
548.03	19987.45
548.39	18981.82
548.75	18715.16
549.11	18172.81
549.48	18251.90
549.84	17867.73
550.20	17540.05
550.56	16755.89
550.92	16941.20
551.28	16396.58
551.65	16233.87
552.01	15714.11
552.37	15404.52
552.73	15465.53
553.09	14776.29
553.45	14803.40
553.81	14631.66
554.18	14355.96
554.54	13969.53
554.90	13616.99
555.26	13395.53
555.62	13004.58
555.98	13379.71
556.34	13122.09
556.70	12780.86
557.06	12292.73
557.42	12285.96
557.79	12220.42
558.15	11989.92
558.51	11743.60
558.87	11522.13
559.23	11375.24
559.59	11275.81
559.95	11180.90
560.31	10918.76
560.67	10742.49
561.03	10654.36
561.39	10606.90
561.75	10455.50
562.11	10173.02
562.47	9822.74
562.83	9971.89
563.19	9544.78
563.55	9488.29
563.91	9248.75
564.27	9235.19
564.63	8767.40
564.99	8762.88
565.35	8823.90
565.71	8324.48
566.07	8026.18
566.43	7983.24
566.79	7721.10
567.15	7626.19
567.51	7553.88
567.87	7445.40
568.23	7260.10
568.59	7196.82
568.95	7126.77
569.31	6898.53
569.67	6699.66
570.03	6591.19
570.39	6613.79
570.75	6512.10
571.11	6353.91
571.46	6057.87
571.82	5967.48
572.18	5874.82
572.54	5843.19
572.90	5567.49
573.26	5531.33
573.62	5352.80
573.98	5176.54
574.34	4918.92
574.70	5013.83
575.05	5000.27
575.41	4842.08
575.77	4733.61
576.13	4487.29
576.49	4250.01
576.85	4195.77
577.21	4236.45
577.56	3990.13
577.92	3834.20
578.28	3630.82
578.64	3587.88
579.00	3700.87
579.36	3608.22
579.71	3443.25
580.07	3269.24
580.43	3036.48
580.79	3034.22
581.15	3000.32
581.50	3009.36
581.86	2824.06
582.22	2713.33
582.58	2690.73
582.94	2550.62
583.29	2480.56
583.65	2444.41
584.01	2358.53
584.37	2270.40
584.72	2308.82
585.08	2222.94
585.44	2313.34
585.80	2218.42
586.15	2021.82
586.51	1929.17
586.87	2010.52
587.23	1868.15
587.58	1773.24
587.94	1759.68
588.30	1757.42
588.65	1816.17
589.01	1678.32
589.37	1621.83
589.73	1556.29
590.08	1676.06
590.44	1420.70
590.80	1395.85
591.15	1352.91
591.51	1323.53
591.87	1370.99
592.22	1328.05
592.58	1334.83
592.94	1282.85
593.29	1319.01
593.65	1303.19
594.01	1149.53
594.36	1113.37
594.72	1124.67
595.08	1086.25
595.43	1025.23
595.79	1061.39
596.14	959.70
596.50	900.94
596.86	959.70
597.21	830.89
597.57	839.93
597.92	747.28
598.28	672.70
598.64	735.98
598.99	672.70
599.35	647.84
599.70	618.47
600.06	609.43
600.42	577.79
600.77	616.21
601.13	514.51
601.48	489.66
601.84	435.42
602.19	406.04
602.55	437.68
602.90	417.34
603.26	442.20
603.61	469.32
603.97	390.22
604.32	356.33
604.68	338.25
605.03	356.33
605.39	392.48
605.74	347.29
606.10	338.25
606.45	363.11
606.81	349.55
607.16	367.62
607.52	250.11
607.87	254.63
608.23	338.25
608.58	297.57
608.94	270.45
609.29	243.33
609.65	241.07
610.00	254.63
610.36	247.85
610.71	229.78
611.06	297.57
611.42	295.31
611.77	265.93
612.13	272.71
612.48	200.40
612.84	195.88
613.19	229.78
613.54	238.81
613.90	211.70
614.25	157.46
614.61	229.78
614.96	250.11
615.31	202.66
615.67	173.28
616.02	211.70
616.37	177.80
616.73	177.80
617.08	114.52
617.44	218.48
617.79	259.15
618.14	195.88
618.50	232.04
618.85	175.54
619.20	193.62
619.56	200.40
619.91	218.48
620.26	204.92
620.62	177.80
620.97	171.02
621.32	218.48
621.67	209.44
622.03	227.52
622.38	198.14
622.73	173.28
623.09	252.37
623.44	152.94
623.79	189.10
624.14	177.80
624.50	168.76
624.85	157.46
625.20	216.22
625.55	182.32
625.91	202.66
626.26	152.94
626.61	209.44
626.96	171.02
627.32	191.36
627.67	245.59
628.02	180.06
628.37	177.80
628.73	164.24
629.08	227.52
629.43	125.82
629.78	73.85
630.13	173.28
630.49	213.96
630.84	91.93
631.19	146.16
631.54	130.34
631.89	157.46
632.24	193.62
632.60	166.50
632.95	171.02
633.30	141.64
633.65	177.80
634.00	143.90
634.35	220.74
634.70	171.02
635.06	132.60
635.41	121.30
635.76	141.64
636.11	164.24
636.46	141.64
636.81	216.22
637.16	146.16
637.51	166.50
637.86	204.92
638.22	166.50
638.57	173.28
638.92	182.32
639.27	157.46
639.62	137.12
639.97	110.00
640.32	175.54
640.67	134.86
641.02	87.41
641.37	180.06
641.72	85.15
642.07	166.50
642.42	100.97
642.77	152.94
643.12	139.38
643.47	132.60
643.82	159.72
644.17	110.00
644.52	105.48
644.87	200.40
645.22	132.60
645.57	128.08
645.92	164.24
646.27	128.08
646.62	155.20
646.97	148.42
647.32	130.34
647.67	175.54
648.02	186.84
648.37	105.48
648.72	195.88
649.07	168.76
649.42	150.68
649.77	161.98
650.12	161.98
650.47	116.78
650.82	161.98
651.17	180.06
651.52	164.24
651.86	146.16
652.21	211.70
652.56	166.50
652.91	189.10
653.26	137.12
653.61	218.48
653.96	141.64
654.31	112.26
654.66	130.34
655.00	103.22
655.35	177.80
655.70	198.14
656.05	139.38
656.40	209.44
656.75	89.67
657.10	166.50
657.44	184.58
657.79	107.74
658.14	159.72
658.49	94.19
658.84	121.30
659.19	143.90
659.53	110.00
659.88	191.36
660.23	112.26
660.58	94.19
660.93	134.86
661.27	96.45
661.62	114.52
661.97	119.04
662.32	96.45
662.66	94.19
663.01	152.94
663.36	100.97
663.71	107.74
664.05	87.41
664.40	207.18
664.75	207.18
665.10	182.32
665.44	155.20
665.79	143.90
666.14	182.32
666.49	89.67
666.83	119.04
667.18	216.22
667.53	168.76
667.87	130.34
668.22	119.04
668.57	119.04
668.92	114.52
669.26	103.22
669.61	121.30
669.96	69.33
670.30	105.48
670.65	119.04
671.00	143.90
671.34	141.64
671.69	132.60
672.03	146.16
672.38	182.32
672.73	164.24
673.07	116.78
673.42	168.76
673.77	180.06
674.11	119.04
674.46	110.00
674.80	168.76
675.15	229.78
675.50	186.84
675.84	121.30
676.19	130.34
676.53	137.12
676.88	114.52
677.23	152.94
677.57	137.12
677.92	134.86
678.26	173.28
678.61	157.46
678.95	78.37
679.30	130.34
679.64	119.04
679.99	139.38
680.34	137.12
680.68	164.24
681.03	157.46
681.37	152.94
681.72	112.26
682.06	30.91
682.41	177.80
682.75	209.44
683.10	148.42
683.44	150.68
683.79	155.20
684.13	177.80
684.48	143.90
684.82	213.96
685.17	180.06
685.51	159.72
685.85	177.80
686.20	123.56
686.54	110.00
686.89	123.56
687.23	161.98
687.58	143.90
687.92	164.24
688.26	130.34
688.61	150.68
688.95	152.94
689.30	143.90
689.64	146.16
689.99	103.22
690.33	173.28
690.67	128.08
691.02	155.20
691.36	110.00
691.70	80.63
692.05	166.50
692.39	254.63
692.74	121.30
693.08	87.41
693.42	96.45
693.77	114.52
694.11	152.94
694.45	213.96
694.80	114.52
695.14	211.70
695.48	96.45
695.83	173.28
696.17	82.89
696.51	177.80
696.86	139.38
697.20	175.54
697.54	148.42
697.88	146.16
698.23	152.94
698.57	130.34
698.91	166.50
699.26	191.36
699.60	195.88
699.94	164.24
700.28	91.93
700.63	193.62
700.97	166.50
701.31	82.89
701.65	182.32
702.00	137.12
702.34	87.41
702.68	177.80
703.02	159.72
703.36	110.00
703.71	85.15
704.05	137.12
704.39	139.38
704.73	130.34
705.07	143.90
705.42	157.46
705.76	182.32
706.10	152.94
706.44	150.68
706.78	146.16
707.13	182.32
707.47	100.97
707.81	85.15
708.15	87.41
708.49	105.48
708.83	119.04
709.17	182.32
709.52	180.06
709.86	141.64
710.20	128.08
710.54	166.50
710.88	125.82
711.22	103.22
711.56	114.52
711.90	128.08
712.24	164.24
712.59	85.15
712.93	193.62
713.27	177.80
713.61	121.30
713.95	168.76
714.29	94.19
714.63	146.16
714.97	171.02
715.31	150.68
715.65	125.82
715.99	139.38
716.33	125.82
716.67	132.60
717.01	116.78
717.35	139.38
717.69	189.10
718.03	114.52
718.37	76.11
718.71	91.93
719.05	123.56
719.39	139.38
719.73	112.26
720.07	80.63
720.41	121.30
720.75	171.02
721.09	152.94
721.43	132.60
721.77	143.90
722.11	69.33
722.45	87.41
722.79	130.34
723.13	139.38
723.47	105.48
723.81	159.72
724.15	189.10
724.48	146.16
724.82	146.16
725.16	114.52
725.50	128.08
725.84	146.16
726.18	236.55
726.52	186.84
726.86	116.78
727.20	137.12
727.54	116.78
727.87	134.86
728.21	209.44
728.55	143.90
728.89	141.64
729.23	123.56
729.57	112.26
729.91	191.36
730.24	132.60
730.58	89.67
730.92	180.06
731.26	168.76
731.60	143.90
731.93	195.88
732.27	195.88
732.61	107.74
732.95	110.00
733.29	164.24
733.62	166.50
733.96	137.12
734.30	146.16
734.64	123.56
734.98	150.68
735.31	143.90
735.65	193.62
735.99	125.82
736.33	150.68
736.66	150.68
737.00	146.16
737.34	168.76
737.67	166.50
738.01	143.90
738.35	180.06
738.69	195.88
739.02	103.22
739.36	171.02
739.70	141.64
740.03	171.02
740.37	130.34
740.71	157.46
741.04	155.20
741.38	82.89
741.72	168.76
742.06	148.42
742.39	107.74
742.73	123.56
743.06	116.78
743.40	168.76
743.74	134.86
744.07	137.12
744.41	204.92
744.75	128.08
745.08	128.08
745.42	180.06
745.75	173.28
746.09	121.30
746.43	139.38
746.76	139.38
747.10	132.60
747.43	132.60
747.77	186.84
748.11	103.22
748.44	123.56
748.78	150.68
749.11	137.12
749.45	60.29
749.78	130.34
750.12	141.64
750.46	146.16
750.79	173.28
751.13	193.62
751.46	152.94
751.80	121.30
752.13	155.20
752.47	146.16
752.80	166.50
753.14	132.60
753.47	96.45
753.81	161.98
754.14	173.28
754.48	155.20
754.81	121.30
755.15	146.16
755.48	123.56
755.81	94.19
756.15	110.00
756.48	71.59
756.82	143.90
757.15	168.76
757.49	171.02
757.82	157.46
758.16	155.20
758.49	189.10
758.82	91.93
759.16	191.36
759.49	150.68
759.83	134.86
760.16	132.60
760.49	171.02
760.83	125.82
761.16	184.58
761.50	209.44
761.83	110.00
762.16	100.97
762.50	123.56
762.83	132.60
763.16	143.90
763.50	53.51
763.83	177.80
764.16	64.81
764.50	103.22
764.83	121.30
765.16	173.28
765.50	150.68
765.83	116.78
766.16	137.12
766.50	173.28
766.83	175.54
767.16	139.38
767.49	121.30
767.83	121.30
768.16	114.52
768.49	130.34
768.83	132.60
769.16	125.82
769.49	78.37
769.82	134.86
770.16	186.84
770.49	128.08
770.82	130.34
771.15	161.98
771.49	155.20
771.82	134.86
772.15	152.94
772.48	114.52
772.81	141.64
773.15	139.38
773.48	67.07
773.81	146.16
774.14	161.98
774.47	218.48
774.81	107.74
775.14	159.72
775.47	125.82
775.80	143.90
776.13	134.86
776.46	166.50
776.79	177.80
777.13	159.72
777.46	130.34
777.79	173.28
778.12	173.28
778.45	141.64
778.78	67.07
779.11	146.16
779.44	146.16
779.78	143.90
780.11	171.02
780.44	175.54
780.77	209.44
781.10	139.38
781.43	139.38
781.76	110.00
782.09	150.68
782.42	164.24
782.75	121.30
783.08	141.64
783.41	123.56
783.74	229.78
784.07	200.40
784.40	180.06
784.73	130.34
785.06	150.68
785.40	125.82
785.73	107.74
786.06	110.00
786.39	82.89
786.72	132.60
787.05	132.60
787.37	164.24
787.70	152.94
788.03	157.46
788.36	148.42
788.69	166.50
789.02	225.26
789.35	134.86
789.68	182.32
790.01	171.02
790.34	150.68
790.67	182.32
791.00	155.20
791.33	182.32
791.66	146.16
791.99	150.68
792.32	119.04
792.65	110.00
792.97	175.54
793.30	94.19
793.63	146.16
793.96	150.68
794.29	128.08
794.62	168.76
794.95	123.56
795.28	161.98
795.60	134.86
795.93	94.19
796.26	216.22
796.59	134.86
796.92	46.73
797.25	87.41
797.57	134.86
797.90	168.76
798.23	143.90
798.56	123.56
798.89	171.02
799.22	114.52
799.54	128.08
799.87	121.30
800.20	98.71
800.53	152.94
800.85	103.22
801.18	137.12
801.51	119.04
801.84	78.37
802.16	157.46
802.49	139.38
802.82	137.12
803.15	150.68
803.47	134.86
803.80	123.56
804.13	132.60
804.46	139.38
804.78	128.08
805.11	164.24
805.44	146.16
805.76	114.52
806.09	85.15
806.42	157.46
806.74	139.38
807.07	175.54
807.40	105.48
807.73	85.15
808.05	98.71
808.38	125.82
808.70	161.98
809.03	114.52
809.36	137.12
809.68	110.00
810.01	98.71
810.34	123.56
810.66	137.12
810.99	189.10
811.31	123.56
811.64	139.38
811.97	143.90
812.29	150.68
812.62	107.74
812.94	71.59
813.27	168.76
813.60	193.62
813.92	139.38
814.25	91.93
814.57	64.81
814.90	159.72
815.22	146.16
815.55	123.56
815.87	123.56
816.20	114.52
816.53	139.38
816.85	128.08
817.18	110.00
817.50	110.00
817.83	94.19
818.15	125.82
818.48	112.26
818.80	159.72
819.13	150.68
819.45	103.22
819.78	193.62
820.10	132.60
820.42	89.67
820.75	67.07
821.07	128.08
821.40	175.54
821.72	137.12
822.05	128.08
822.37	164.24
822.70	112.26
823.02	137.12
823.34	89.67
823.67	121.30
823.99	107.74
824.32	159.72
824.64	139.38
824.96	223.00
825.29	161.98
825.61	130.34
825.94	110.00
826.26	168.76
826.58	100.97
826.91	96.45
827.23	189.10
827.55	171.02
827.88	132.60
828.20	110.00
828.52	146.16
828.85	76.11
829.17	98.71
829.49	139.38
829.82	157.46
830.14	166.50
830.46	94.19
830.79	161.98
831.11	134.86
831.43	155.20
831.75	180.06
832.08	98.71
832.40	107.74
832.72	134.86
833.04	112.26
833.37	164.24
833.69	216.22
834.01	161.98
834.33	191.36
834.66	173.28
834.98	198.14
835.30	137.12
835.62	161.98
835.95	173.28
836.27	107.74
836.59	87.41
836.91	94.19
837.23	130.34
837.56	82.89
837.88	94.19
838.20	161.98
838.52	152.94
838.84	130.34
839.16	103.22
839.49	164.24
839.81	148.42
840.13	141.64
840.45	137.12
840.77	150.68
841.09	85.15
841.41	166.50
841.73	134.86
842.06	207.18
842.38	51.25
842.70	150.68
843.02	87.41
843.34	193.62
843.66	148.42
843.98	200.40
844.30	134.86
844.62	134.86
844.94	139.38
845.26	143.90
845.58	128.08
845.90	116.78
846.23	141.64
846.55	132.60
846.87	94.19
847.19	159.72
847.51	123.56
847.83	119.04
848.15	139.38
848.47	146.16
848.79	94.19
849.11	150.68
849.43	125.82
849.75	134.86
850.07	177.80
850.39	223.00
850.71	98.71
851.03	46.73
851.34	107.74
851.66	150.68
851.98	89.67
852.30	119.04
852.62	114.52
852.94	173.28
853.26	132.60
853.58	146.16
853.90	152.94
854.22	148.42
854.54	137.12
854.86	157.46
855.18	148.42
855.49	150.68
855.81	137.12
856.13	159.72
856.45	80.63
856.77	146.16
857.09	204.92
857.41	134.86
857.73	139.38
858.04	134.86
858.36	152.94
858.68	85.15
859.00	139.38
859.32	166.50
859.63	155.20
859.95	207.18
860.27	134.86
860.59	148.42
860.91	130.34
861.23	119.04
861.54	110.00
861.86	139.38
862.18	159.72
862.50	146.16
862.81	114.52
863.13	67.07
863.45	146.16
863.77	198.14
864.08	110.00
864.40	110.00
864.72	146.16
865.04	227.52
865.35	175.54
865.67	134.86
865.99	157.46
866.30	152.94
866.62	191.36
866.94	132.60
867.26	125.82
867.57	110.00
867.89	103.22
868.21	143.90
868.52	175.54
868.84	96.45
869.16	164.24
869.47	171.02
869.79	180.06
870.10	134.86
870.42	116.78
870.74	96.45
871.05	128.08
871.37	134.86
871.69	103.22
872.00	125.82
872.32	107.74
872.63	157.46
872.95	121.30
873.27	121.30
873.58	152.94
873.90	189.10
874.21	134.86
874.53	123.56
874.84	146.16
875.16	39.95
875.48	94.19
875.79	137.12
876.11	130.34
876.42	143.90
876.74	80.63
877.05	116.78
877.37	125.82
877.68	116.78
878.00	130.34
878.31	157.46
878.63	94.19
878.94	134.86
879.26	107.74
879.57	150.68
879.89	100.97
880.20	202.66
880.52	171.02
880.83	155.20
881.14	159.72
881.46	51.25
881.77	105.48
882.09	150.68
882.40	116.78
882.72	105.48
883.03	67.07
883.34	114.52
883.66	69.33
883.97	198.14
884.29	164.24
884.60	119.04
884.91	143.90
885.23	159.72
885.54	148.42
885.86	114.52
886.17	148.42
886.48	78.37
886.80	161.98
887.11	96.45
887.42	110.00
887.74	143.90
888.05	98.71
888.36	91.93
888.68	107.74
888.99	148.42
889.30	128.08
889.62	155.20
889.93	143.90
890.24	103.22
890.55	98.71
890.87	121.30
891.18	186.84
891.49	89.67
891.80	125.82
892.12	128.08
892.43	175.54
892.74	157.46
893.05	168.76
893.37	78.37
893.68	175.54
893.99	184.58
894.30	116.78
894.62	130.34
894.93	143.90
895.24	146.16
895.55	128.08
895.86	177.80
896.18	189.10
896.49	103.22
896.80	134.86
897.11	150.68
897.42	159.72
897.73	171.02
898.05	200.40
898.36	146.16
898.67	121.30
898.98	128.08
899.29	123.56
899.60	119.04
899.91	110.00
900.23	150.68
900.54	195.88
900.85	150.68
901.16	134.86
901.47	182.32
901.78	116.78
902.09	159.72
902.40	157.46
902.71	168.76
903.02	100.97
903.33	191.36
903.64	146.16
903.95	91.93
904.27	168.76
904.58	116.78
904.89	73.85
905.20	182.32
905.51	141.64
905.82	128.08
906.13	132.60
906.44	105.48
906.75	121.30
907.06	198.14
907.37	125.82
907.68	171.02
907.99	46.73
908.30	155.20
908.61	107.74
908.91	100.97
909.22	85.15
909.53	173.28
909.84	161.98
910.15	53.51
910.46	130.34
910.77	171.02
911.08	128.08
911.39	137.12
911.70	119.04
912.01	191.36
912.32	128.08
912.63	76.11
912.93	166.50
913.24	48.99
913.55	146.16
913.86	114.52
914.17	100.97
914.48	80.63
914.79	121.30
915.09	123.56
915.40	143.90
915.71	89.67
916.02	180.06
916.33	110.00
916.64	166.50
916.94	125.82
917.25	60.29
917.56	223.00
917.87	123.56
918.18	155.20
918.48	180.06
918.79	114.52
919.10	82.89
919.41	94.19
919.72	110.00
920.02	121.30
920.33	177.80
920.64	121.30
920.95	155.20
921.25	152.94
921.56	152.94
921.87	157.46
922.17	105.48
922.48	125.82
922.79	157.46
923.10	150.68
923.40	134.86
923.71	164.24
924.02	193.62
924.32	128.08
924.63	100.97
924.94	189.10
925.24	155.20
925.55	100.97
925.86	155.20
926.16	100.97
926.47	130.34
926.78	107.74
927.08	189.10
927.39	134.86
927.69	80.63
928.00	173.28
928.31	123.56
928.61	177.80
928.92	87.41
929.22	141.64
929.53	121.30
929.84	130.34
930.14	180.06
930.45	85.15
930.75	98.71
931.06	150.68
931.36	119.04
931.67	103.22
931.97	152.94
932.28	171.02
932.58	134.86
932.89	125.82
933.20	96.45
933.50	143.90
933.81	134.86
934.11	161.98
934.42	139.38
934.72	116.78
935.03	132.60
935.33	141.64
935.63	146.16
935.94	150.68
936.24	146.16
936.55	121.30
936.85	94.19
937.16	100.97
937.46	130.34
937.77	125.82
938.07	67.07
938.37	103.22
938.68	94.19
938.98	82.89
939.29	164.24
939.59	173.28
939.89	139.38
940.20	107.74
940.50	195.88
940.81	166.50
941.11	82.89
941.41	112.26
941.72	107.74
942.02	182.32
942.32	116.78
942.63	112.26
942.93	121.30
943.23	134.86
943.54	89.67
943.84	67.07
944.14	98.71
944.45	125.82
944.75	141.64
945.05	123.56
945.35	227.52
945.66	152.94
945.96	123.56
946.26	91.93
946.57	189.10
946.87	150.68
947.17	195.88
947.47	110.00
947.78	116.78
948.08	119.04
948.38	173.28
948.68	94.19
948.98	175.54
949.29	128.08
949.59	105.48
949.89	121.30
950.19	182.32
950.49	189.10
950.80	91.93
951.10	110.00
951.40	161.98
951.70	114.52
952.00	137.12
952.30	184.58
952.61	132.60
952.91	200.40
953.21	139.38
953.51	180.06
953.81	80.63
954.11	155.20
954.41	89.67
954.72	141.64
955.02	107.74
955.32	112.26
955.62	98.71
955.92	121.30
956.22	152.94
956.52	189.10
956.82	152.94
957.12	110.00
957.42	152.94
957.72	107.74
958.02	177.80
958.32	107.74
958.62	155.20
958.92	137.12
959.22	64.81
959.52	96.45
959.82	134.86
960.13	53.51
960.43	96.45
960.72	130.34
961.02	157.46
961.32	78.37
961.62	159.72
961.92	184.58
962.22	161.98
962.52	116.78
962.82	164.24
963.12	146.16
963.42	218.48
963.72	110.00
964.02	123.56
964.32	91.93
964.62	155.20
964.92	110.00
965.22	171.02
965.52	150.68
965.82	173.28
966.11	110.00
966.41	139.38
966.71	123.56
967.01	139.38
967.31	82.89
967.61	177.80
967.91	114.52
968.20	139.38
968.50	98.71
968.80	116.78
969.10	110.00
969.40	137.12
969.70	132.60
969.99	166.50
970.29	94.19
970.59	85.15
970.89	146.16
971.19	73.85
971.48	73.85
971.78	103.22
972.08	60.29
972.38	143.90
972.67	110.00
972.97	58.03
973.27	125.82
973.57	116.78
973.86	48.99
974.16	114.52
974.46	96.45
974.76	130.34
975.05	141.64
975.35	119.04
975.65	98.71
975.94	139.38
976.24	87.41
976.54	175.54
976.84	125.82
977.13	141.64
977.43	182.32
977.73	148.42
978.02	139.38
978.32	157.46
978.61	143.90
978.91	62.55
979.21	105.48
979.50	37.69
979.80	132.60
980.10	128.08
980.39	166.50
980.69	146.16
980.98	123.56
981.28	134.86
981.58	110.00
981.87	107.74
982.17	168.76
982.46	173.28
982.76	96.45
983.05	139.38
983.35	121.30
983.65	141.64
983.94	128.08
984.24	130.34
984.53	159.72
984.83	139.38
985.12	125.82
985.42	177.80
985.71	146.16
986.01	89.67
986.30	121.30
986.60	134.86
986.89	193.62
987.19	141.64
987.48	134.86
987.78	114.52
988.07	125.82
988.36	96.45
988.66	125.82
988.95	107.74
989.25	146.16
989.54	98.71
989.84	125.82
990.13	87.41
990.42	89.67
990.72	166.50
991.01	155.20
991.31	146.16
991.60	143.90
991.89	125.82
992.19	119.04
992.48	87.41
992.77	157.46
993.07	256.89
993.36	175.54
993.66	146.16
993.95	121.30
994.24	175.54
994.54	134.86
994.83	110.00
995.12	157.46
995.41	207.18
995.71	211.70
996.00	180.06
996.29	180.06
996.59	173.28
996.88	171.02
997.17	182.32
997.46	116.78
997.76	150.68
998.05	130.34
998.34	130.34
998.63	130.34
998.93	69.33
999.22	125.82
999.51	152.94
999.80	110.00
1000.10	218.48
1000.39	128.08
1000.68	121.30
1000.97	180.06
1001.26	168.76
1001.56	175.54
1001.85	159.72
1002.14	182.32
1002.43	125.82
1002.72	155.20
1003.01	58.03
1003.31	155.20
1003.60	125.82
1003.89	103.22
1004.18	159.72
1004.47	107.74
1004.76	175.54
1005.05	128.08
1005.34	116.78
1005.63	107.74
1005.93	132.60
1006.22	164.24
1006.51	150.68
1006.80	128.08
1007.09	128.08
1007.38	107.74
1007.67	105.48
1007.96	146.16
1008.25	202.66
1008.54	146.16
1008.83	121.30
1009.12	168.76
1009.41	139.38
1009.70	125.82
1009.99	195.88
1010.28	204.92
1010.57	202.66
1010.86	114.52
1011.15	132.60
1011.44	139.38
1011.73	103.22
1012.02	173.28
1012.31	121.30
1012.60	105.48
1012.89	195.88
1013.18	182.32
1013.47	198.14
1013.76	146.16
1014.05	110.00
1014.34	198.14
1014.63	161.98
1014.91	119.04
1015.20	130.34
1015.49	141.64
1015.78	159.72
1016.07	166.50
1016.36	96.45
1016.65	173.28
1016.94	91.93
1017.23	82.89
1017.51	150.68
1017.80	96.45
1018.09	80.63
1018.38	128.08
1018.67	116.78
1018.96	100.97
1019.24	35.43
1019.53	110.00
1019.82	175.54
1020.11	116.78
1020.40	125.82
1020.68	211.70
1020.97	139.38
1021.26	105.48
1021.55	91.93
1021.83	141.64
1022.12	130.34
1022.41	30.91
1022.70	164.24
1022.98	85.15
1023.27	26.39
1023.56	168.76
1023.85	132.60
1024.13	155.20
1024.42	107.74
1024.71	139.38
1024.99	166.50
1025.28	121.30
1025.57	150.68
1025.85	137.12
1026.14	78.37
1026.43	103.22
1026.71	130.34
1027.00	85.15
1027.29	123.56
1027.57	152.94
1027.86	152.94
1028.15	150.68
1028.43	164.24
1028.72	134.86
1029.01	141.64
1029.29	168.76
1029.58	159.72
1029.86	155.20
1030.15	132.60
1030.44	173.28
1030.72	73.85
1031.01	98.71
1031.29	110.00
1031.58	116.78
1031.86	103.22
1032.15	128.08
1032.43	132.60
1032.72	103.22
1033.00	125.82
1033.29	130.34
1033.57	141.64
1033.86	105.48
>>>>>End Processed Spectral Data<<<<<
